
// bolder colors
var colors = new Array(
  [224, 170, 217],
  [224, 178, 255],
  [172, 168, 255],
  [161, 221, 255],
  [186, 255, 224],
  [255, 255, 178]);

 fill (224, 170, 217);
 fill (255, 224, 253);
 fill (255, 224, 253);
 fill (253, 255, 224);
 fill (253, 255, 224);
 fill (228, 224, 255);


 // very pale colors

var colors = new Array(
  [245, 226, 243],
  [240, 229, 252],
  [230, 229, 255],
  [224, 242, 252],
  [229, 252, 242],
  [252, 252, 229]);

 fill (245, 226, 243);
 fill (240, 229, 252);
 fill (230, 229, 255);
 fill (224, 242, 252);
 fill (229, 252, 242);
 fill (252, 252, 229);

 // slightly darker

 fill (250, 200, 245);
 fill (224, 192, 250);
 fill (184, 182, 252);
 fill (180, 226, 250);
 fill (199, 252, 228);
 fill (255, 230, 161);

  [250, 200, 245],
  [224, 192, 250],
  [184, 182, 252],
  [180, 226, 250],
  [199, 252, 228],
  [255, 230, 161]);

// slightly darker, new order
